166105,,0,0
204001,,0,0
204002,,0,0
204003,,0,0
204004,,0,0
204007,,0,0
204014,,0,0
204028,,0,0
204091,,0,0
500038,,0,0
500056,,0,0
500058,,0,0
501000,,0,0
501001,,0,0
501002,,0,0
502000,,0,0
502001,,0,0
502002,,0,0
502003,,0,0
502004,,0,0
502005,,0,0
502006,,0,0
502007,,0,0
502008,,0,0
502010,,0,0
502011,,0,0
502012,,0,0
502013,,0,0
502014,,0,0
502015,,0,0
502016,,0,0
502017,,0,0
502018,,0,0
502020,,0,0
502021,,0,0
502022,,0,0
502023,,0,0
502024,,0,0
502025,,0,0
502026,,0,0
502027,,0,0
502028,,0,0
502031,,0,0
502032,,0,0
502036,,0,0
502037,,0,0
502038,,0,0
502040,,0,0
502041,,0,0
502042,,0,0
502048,,0,0
502049,,0,0
502050,,0,0
502053,,0,0
502054,,0,0
502055,,0,0
502056,,0,0
502057,,0,0
502058,,0,0
505888,,0,0
510010,,0,0
510020,,0,0
510030,,0,0
510050,,0,0
510060,,0,0
510070,,0,0
510090,,0,0
510110,,0,0
510120,,0,0
510130,,0,0
510150,,0,0
510160,,0,0
510170,,0,0
510180,,0,0
510190,,0,0
510210,,0,0
510220,,0,0
510230,,0,0
510260,,0,0
510270,,0,0
510280,,0,0
510290,,0,0
510300,,0,0
510310,,0,0
510330,,0,0
510360,,0,0
510410,,0,0
510420,,0,0
510430,,0,0
510440,,0,0
510450,,0,0
510500,,0,0
510510,,0,0
510520,,0,0
510560,,0,0
510580,,0,0
510630,,0,0
510650,,0,0
510660,,0,0
510680,,0,0
510710,,0,0
510880,,0,0
510900,,0,0
511010,,0,0
511210,,0,0
511220,,0,0
511800,,0,0
511810,,0,0
511820,,0,0
511830,,0,0
511860,,0,0
511880,,0,0
511890,,0,0
511900,,0,0
511930,,0,0
511960,,0,0
511980,,0,0
511990,,0,0
512010,,0,0
512070,,0,0
512210,,0,0
512220,,0,0
512230,,0,0
512300,,0,0
512310,,0,0
512330,,0,0
512340,,0,0
512500,,0,0
512510,,0,0
512600,,0,0
512610,,0,0
512640,,0,0
512990,,0,0
513030,,0,0
513100,,0,0
513500,,0,0
513600,,0,0
513660,,0,0
518800,,0,0
518880,,0,0
600000,,0,0
600004,,0,0
600005,,0,0
600007,,0,0
600008,,0,0
600009,,0,0
600010,,0,0
600011,,0,0
600012,,0,0
600015,,0,0
600016,,0,0
600017,,0,0
600018,,0,0
600019,,0,0
600020,,0,0
600021,,0,0
600022,,0,0
600023,,0,0
600026,,0,0
600027,,0,0
600028,,0,0
600029,,0,0
600030,,0,0
600031,,0,0
600033,,0,0
600035,,0,0
600036,,0,0
600037,,0,0
600038,,0,0
600048,,0,0
600050,,0,0
600051,,0,0
600052,,0,0
600053,,0,0
600054,,0,0
600055,,0,0
600056,,0,0
600057,,0,0
600058,,0,0
600059,,0,0
600060,,0,0
600061,,0,0
600062,,0,0
600063,,0,0
600064,,0,0
600066,,0,0
600067,,0,0
600068,,0,0
600069,,0,0
600070,,0,0
600071,,0,0
600072,,0,0
600073,,0,0
600074,,0,0
600075,,0,0
600076,,0,0
600077,,0,0
600078,,0,0
600079,,0,0
600080,,0,0
600081,,0,0
600082,,0,0
600083,,0,0
600084,,0,0
600085,,0,0
600086,,0,0
600088,,0,0
600089,,0,0
600090,,0,0
600091,,0,0
600093,,0,0
600094,,0,0
600095,,0,0
600096,,0,0
600097,,0,0
600098,,0,0
600099,,0,0
600100,,0,0
600101,,0,0
600103,,0,0
600104,,0,0
600105,,0,0
600106,,0,0
600107,,0,0
600108,,0,0
600109,,0,0
600110,,0,0
600111,,0,0
600112,,0,0
600114,,0,0
600115,,0,0
600116,,0,0
600117,,0,0
600118,,0,0
600119,,0,0
600121,,0,0
600123,,0,0
600125,,0,0
600126,,0,0
600127,,0,0
600128,,0,0
600129,,0,0
600130,,0,0
600131,,0,0
600132,,0,0
600133,,0,0
600135,,0,0
600136,,0,0
600137,,0,0
600138,,0,0
600139,,0,0
600141,,0,0
600143,,0,0
600145,,0,0
600146,,0,0
600148,,0,0
600149,,0,0
600150,,0,0
600151,,0,0
600152,,0,0
600155,,0,0
600156,,0,0
600157,,0,0
600158,,0,0
600159,,0,0
600160,,0,0
600161,,0,0
600162,,0,0
600163,,0,0
600165,,0,0
600166,,0,0
600167,,0,0
600169,,0,0
600171,,0,0
600172,,0,0
600173,,0,0
600175,,0,0
600176,,0,0
600177,,0,0
600178,,0,0
600179,,0,0
600180,,0,0
600182,,0,0
600183,,0,0
600184,,0,0
600185,,0,0
600186,,0,0
600187,,0,0
600188,,0,0
600189,,0,0
600190,,0,0
600191,,0,0
600192,,0,0
600193,,0,0
600195,,0,0
600196,,0,0
600197,,0,0
600198,,0,0
600199,,0,0
600200,,0,0
600201,,0,0
600202,,0,0
600203,,0,0
600206,,0,0
600207,,0,0
600208,,0,0
600210,,0,0
600211,,0,0
600212,,0,0
600213,,0,0
600216,,0,0
600217,,0,0
600218,,0,0
600219,,0,0
600220,,0,0
600221,,0,0
600222,,0,0
600223,,0,0
600225,,0,0
600226,,0,0
600227,,0,0
600228,,0,0
600229,,0,0
600230,,0,0
600231,,0,0
600232,,0,0
600234,,0,0
600235,,0,0
600236,,0,0
600237,,0,0
600238,,0,0
600239,,0,0
600240,,0,0
600241,,0,0
600242,,0,0
600243,,0,0
600246,,0,0
600247,,0,0
600248,,0,0
600249,,0,0
600250,,0,0
600251,,0,0
600252,,0,0
600255,,0,0
600256,,0,0
600257,,0,0
600258,,0,0
600259,,0,0
600260,,0,0
600261,,0,0
600262,,0,0
600265,,0,0
600266,,0,0
600267,,0,0
600268,,0,0
600269,,0,0
600270,,0,0
600272,,0,0
600273,,0,0
600275,,0,0
600276,,0,0
600277,,0,0
600278,,0,0
600279,,0,0
600280,,0,0
600281,,0,0
600282,,0,0
600283,,0,0
600284,,0,0
600285,,0,0
600287,,0,0
600288,,0,0
600289,,0,0
600290,,0,0
600291,,0,0
600292,,0,0
600293,,0,0
600295,,0,0
600297,,0,0
600298,,0,0
600299,,0,0
600300,,0,0
600301,,0,0
600302,,0,0
600303,,0,0
600305,,0,0
600306,,0,0
600307,,0,0
600308,,0,0
600309,,0,0
600310,,0,0
600311,,0,0
600312,,0,0
600313,,0,0
600315,,0,0
600316,,0,0
600317,,0,0
600319,,0,0
600320,,0,0
600321,,0,0
600322,,0,0
600323,,0,0
600325,,0,0
600326,,0,0
600327,,0,0
600328,,0,0
600329,,0,0
600330,,0,0
600331,,0,0
600332,,0,0
600333,,0,0
600335,,0,0
600336,,0,0
600337,,0,0
600338,,0,0
600339,,0,0
600340,,0,0
600343,,0,0
600345,,0,0
600346,,0,0
600348,,0,0
600350,,0,0
600351,,0,0
600352,,0,0
600353,,0,0
600354,,0,0
600355,,0,0
600356,,0,0
600358,,0,0
600359,,0,0
600360,,0,0
600361,,0,0
600362,,0,0
600365,,0,0
600366,,0,0
600367,,0,0
600368,,0,0
600369,,0,0
600370,,0,0
600371,,0,0
600372,,0,0
600373,,0,0
600375,,0,0
600376,,0,0
600377,,0,0
600378,,0,0
600380,,0,0
600382,,0,0
600383,,0,0
600385,,0,0
600386,,0,0
600387,,0,0
600388,,0,0
600390,,0,0
600391,,0,0
600392,,0,0
600393,,0,0
600395,,0,0
600396,,0,0
600397,,0,0
600398,,0,0
600399,,0,0
600400,,0,0
600401,,0,0
600403,,0,0
600405,,0,0
600406,,0,0
600408,,0,0
600409,,0,0
600410,,0,0
600415,,0,0
600416,,0,0
600418,,0,0
600419,,0,0
600420,,0,0
600421,,0,0
600422,,0,0
600423,,0,0
600425,,0,0
600426,,0,0
600428,,0,0
600429,,0,0
600432,,0,0
600433,,0,0
600435,,0,0
600436,,0,0
600439,,0,0
600444,,0,0
600446,,0,0
600448,,0,0
600449,,0,0
600452,,0,0
600455,,0,0
600456,,0,0
600458,,0,0
600459,,0,0
600460,,0,0
600461,,0,0
600462,,0,0
600463,,0,0
600466,,0,0
600467,,0,0
600470,,0,0
600475,,0,0
600476,,0,0
600477,,0,0
600478,,0,0
600479,,0,0
600480,,0,0
600481,,0,0
600482,,0,0
600483,,0,0
600486,,0,0
600487,,0,0
600489,,0,0
600490,,0,0
600491,,0,0
600493,,0,0
600495,,0,0
600496,,0,0
600497,,0,0
600498,,0,0
600499,,0,0
600501,,0,0
600503,,0,0
600505,,0,0
600506,,0,0
600507,,0,0
600508,,0,0
600509,,0,0
600510,,0,0
600512,,0,0
600513,,0,0
600515,,0,0
600516,,0,0
600517,,0,0
600518,,0,0
600519,,0,0
600521,,0,0
600522,,0,0
600523,,0,0
600525,,0,0
600526,,0,0
600527,,0,0
600528,,0,0
600529,,0,0
600531,,0,0
600532,,0,0
600533,,0,0
600535,,0,0
600536,,0,0
600537,,0,0
600538,,0,0
600540,,0,0
600543,,0,0
600545,,0,0
600546,,0,0
600547,,0,0
600548,,0,0
600549,,0,0
600550,,0,0
600551,,0,0
600552,,0,0
600555,,0,0
600557,,0,0
600558,,0,0
600559,,0,0
600560,,0,0
600561,,0,0
600562,,0,0
600563,,0,0
600565,,0,0
600566,,0,0
600567,,0,0
600568,,0,0
600569,,0,0
600570,,0,0
600572,,0,0
600573,,0,0
600575,,0,0
600576,,0,0
600577,,0,0
600578,,0,0
600579,,0,0
600580,,0,0
600581,,0,0
600582,,0,0
600583,,0,0
600585,,0,0
600586,,0,0
600587,,0,0
600588,,0,0
600589,,0,0
600590,,0,0
600592,,0,0
600593,,0,0
600594,,0,0
600595,,0,0
600596,,0,0
600597,,0,0
600598,,0,0
600599,,0,0
600600,,0,0
600601,,0,0
600602,,0,0
600603,,0,0
600604,,0,0
600605,,0,0
600606,,0,0
600608,,0,0
600609,,0,0
600610,,0,0
600611,,0,0
600612,,0,0
600613,,0,0
600614,,0,0
600615,,0,0
600616,,0,0
600617,,0,0
600618,,0,0
600619,,0,0
600620,,0,0
600621,,0,0
600622,,0,0
600623,,0,0
600624,,0,0
600626,,0,0
600628,,0,0
600629,,0,0
600630,,0,0
600633,,0,0
600634,,0,0
600635,,0,0
600636,,0,0
600637,,0,0
600638,,0,0
600639,,0,0
600640,,0,0
600641,,0,0
600642,,0,0
600644,,0,0
600645,,0,0
600647,,0,0
600648,,0,0
600649,,0,0
600650,,0,0
600651,,0,0
600652,,0,0
600653,,0,0
600655,,0,0
600656,,0,0
600657,,0,0
600658,,0,0
600660,,0,0
600661,,0,0
600662,,0,0
600664,,0,0
600665,,0,0
600666,,0,0
600667,,0,0
600668,,0,0
600671,,0,0
600673,,0,0
600674,,0,0
600675,,0,0
600676,,0,0
600677,,0,0
600678,,0,0
600679,,0,0
600680,,0,0
600681,,0,0
600682,,0,0
600683,,0,0
600684,,0,0
600685,,0,0
600686,,0,0
600687,,0,0
600688,,0,0
600689,,0,0
600690,,0,0
600691,,0,0
600692,,0,0
600693,,0,0
600694,,0,0
600695,,0,0
600697,,0,0
600698,,0,0
600699,,0,0
600701,,0,0
600702,,0,0
600703,,0,0
600704,,0,0
600705,,0,0
600706,,0,0
600707,,0,0
600708,,0,0
600711,,0,0
600712,,0,0
600713,,0,0
600714,,0,0
600715,,0,0
600716,,0,0
600717,,0,0
600718,,0,0
600719,,0,0
600720,,0,0
600721,,0,0
600722,,0,0
600723,,0,0
600724,,0,0
600725,,0,0
600726,,0,0
600727,,0,0
600729,,0,0
600730,,0,0
600732,,0,0
600733,,0,0
600734,,0,0
600735,,0,0
600736,,0,0
600737,,0,0
600739,,0,0
600740,,0,0
600741,,0,0
600742,,0,0
600743,,0,0
600744,,0,0
600746,,0,0
600747,,0,0
600748,,0,0
600750,,0,0
600753,,0,0
600754,,0,0
600755,,0,0
600756,,0,0
600757,,0,0
600758,,0,0
600760,,0,0
600761,,0,0
600763,,0,0
600764,,0,0
600765,,0,0
600766,,0,0
600767,,0,0
600768,,0,0
600771,,0,0
600773,,0,0
600774,,0,0
600775,,0,0
600776,,0,0
600777,,0,0
600778,,0,0
600779,,0,0
600780,,0,0
600781,,0,0
600782,,0,0
600783,,0,0
600784,,0,0
600785,,0,0
600787,,0,0
600789,,0,0
600790,,0,0
600791,,0,0
600792,,0,0
600793,,0,0
600794,,0,0
600795,,0,0
600796,,0,0
600797,,0,0
600798,,0,0
600800,,0,0
600801,,0,0
600802,,0,0
600804,,0,0
600805,,0,0
600806,,0,0
600807,,0,0
600808,,0,0
600809,,0,0
600810,,0,0
600811,,0,0
600812,,0,0
600814,,0,0
600815,,0,0
600816,,0,0
600818,,0,0
600819,,0,0
600820,,0,0
600821,,0,0
600822,,0,0
600823,,0,0
600824,,0,0
600825,,0,0
600826,,0,0
600827,,0,0
600829,,0,0
600830,,0,0
600831,,0,0
600833,,0,0
600834,,0,0
600835,,0,0
600837,,0,0
600838,,0,0
600839,,0,0
600841,,0,0
600844,,0,0
600845,,0,0
600846,,0,0
600850,,0,0
600851,,0,0
600853,,0,0
600854,,0,0
600855,,0,0
600857,,0,0
600858,,0,0
600859,,0,0
600860,,0,0
600861,,0,0
600862,,0,0
600863,,0,0
600864,,0,0
600865,,0,0
600866,,0,0
600867,,0,0
600868,,0,0
600869,,0,0
600871,,0,0
600872,,0,0
600874,,0,0
600875,,0,0
600876,,0,0
600877,,0,0
600879,,0,0
600880,,0,0
600881,,0,0
600882,,0,0
600883,,0,0
600884,,0,0
600885,,0,0
600886,,0,0
600887,,0,0
600888,,0,0
600889,,0,0
600891,,0,0
600892,,0,0
600893,,0,0
600894,,0,0
600895,,0,0
600896,,0,0
600897,,0,0
600898,,0,0
600900,,0,0
600917,,0,0
600958,,0,0
600959,,0,0
600960,,0,0
600961,,0,0
600962,,0,0
600963,,0,0
600965,,0,0
600966,,0,0
600967,,0,0
600969,,0,0
600970,,0,0
600971,,0,0
600973,,0,0
600975,,0,0
600976,,0,0
600978,,0,0
600979,,0,0
600980,,0,0
600981,,0,0
600982,,0,0
600983,,0,0
600984,,0,0
600985,,0,0
600987,,0,0
600988,,0,0
600990,,0,0
600992,,0,0
600993,,0,0
600995,,0,0
600997,,0,0
600998,,0,0
600999,,0,0
601000,,0,0
601001,,0,0
601002,,0,0
601003,,0,0
601005,,0,0
601006,,0,0
601007,,0,0
601008,,0,0
601009,,0,0
601010,,0,0
601011,,0,0
601012,,0,0
601015,,0,0
601016,,0,0
601018,,0,0
601020,,0,0
601021,,0,0
601028,,0,0
601038,,0,0
601058,,0,0
601069,,0,0
601088,,0,0
601098,,0,0
601099,,0,0
601100,,0,0
601101,,0,0
601106,,0,0
601107,,0,0
601111,,0,0
601113,,0,0
601116,,0,0
601117,,0,0
601118,,0,0
601126,,0,0
601137,,0,0
601139,,0,0
601155,,0,0
601158,,0,0
601166,,0,0
601169,,0,0
601177,,0,0
601179,,0,0
601186,,0,0
601188,,0,0
601198,,0,0
601199,,0,0
601208,,0,0
601211,,0,0
601216,,0,0
601218,,0,0
601222,,0,0
601225,,0,0
601226,,0,0
601231,,0,0
601233,,0,0
601238,,0,0
601258,,0,0
601288,,0,0
601311,,0,0
601313,,0,0
601318,,0,0
601328,,0,0
601333,,0,0
601336,,0,0
601339,,0,0
601368,,0,0
601369,,0,0
601377,,0,0
601388,,0,0
601390,,0,0
601398,沪,4000,0
601515,,0,0
601518,,0,0
601519,,0,0
601555,,0,0
601558,,0,0
601566,,0,0
601567,,0,0
601579,,0,0
601588,,0,0
601599,,0,0
601600,,0,0
601601,,0,0
601607,,0,0
601608,,0,0
601616,,0,0
601618,,0,0
601628,,0,0
601633,,0,0
601636,,0,0
601666,,0,0
601668,,0,0
601669,,0,0
601677,,0,0
601678,,0,0
601688,,0,0
601689,,0,0
601718,,0,0
601766,,0,0
601777,,0,0
601788,,0,0
601789,,0,0
601798,,0,0
601799,,0,0
601800,,0,0
601801,,0,0
601808,,0,0
601818,,0,0
601857,,0,0
601866,,0,0
601872,,0,0
601877,,0,0
601880,,0,0
601886,,0,0
601888,,0,0
601890,,0,0
601898,,0,0
601899,,0,0
601900,,0,0
601901,,0,0
601908,,0,0
601918,,0,0
601919,,0,0
601928,,0,0
601929,,0,0
601933,,0,0
601939,,0,0
601958,,0,0
601965,,0,0
601968,,0,0
601969,,0,0
601985,,0,0
601988,,0,0
601989,,0,0
601991,,0,0
601992,,0,0
601998,,0,0
601999,,0,0
603000,,0,0
603001,,0,0
603002,,0,0
603003,,0,0
603005,,0,0
603006,,0,0
603008,,0,0
603009,,0,0
603011,,0,0
603012,,0,0
603015,,0,0
603017,,0,0
603018,,0,0
603019,,0,0
603020,,0,0
603021,,0,0
603022,,0,0
603023,,0,0
603025,,0,0
603026,,0,0
603027,,0,0
603030,,0,0
603066,,0,0
603077,,0,0
603088,,0,0
603099,,0,0
603100,,0,0
603108,,0,0
603111,,0,0
603116,,0,0
603117,,0,0
603118,,0,0
603123,,0,0
603126,,0,0
603128,,0,0
603158,,0,0
603166,,0,0
603167,,0,0
603168,,0,0
603169,,0,0
603198,,0,0
603199,,0,0
603222,,0,0
603223,,0,0
603227,,0,0
603288,,0,0
603299,,0,0
603300,,0,0
603308,,0,0
603309,,0,0
603311,,0,0
603315,,0,0
603328,,0,0
603333,,0,0
603338,,0,0
603355,,0,0
603366,,0,0
603368,,0,0
603369,,0,0
603377,,0,0
603399,,0,0
603456,,0,0
603508,,0,0
603518,,0,0
603520,,0,0
603555,,0,0
603558,,0,0
603566,,0,0
603567,,0,0
603568,,0,0
603588,,0,0
603589,,0,0
603598,,0,0
603599,,0,0
603600,,0,0
603601,,0,0
603606,,0,0
603608,,0,0
603609,,0,0
603616,,0,0
603618,,0,0
603636,,0,0
603669,,0,0
603678,,0,0
603686,,0,0
603688,,0,0
603696,,0,0
603698,,0,0
603699,,0,0
603703,,0,0
603718,,0,0
603729,,0,0
603766,,0,0
603778,,0,0
603788,,0,0
603789,,0,0
603799,,0,0
603800,,0,0
603806,,0,0
603808,,0,0
603818,,0,0
603828,,0,0
603861,,0,0
603866,,0,0
603869,,0,0
603883,,0,0
603885,,0,0
603898,,0,0
603899,,0,0
603901,,0,0
603919,,0,0
603936,,0,0
603939,,0,0
603968,,0,0
603969,,0,0
603979,,0,0
603988,,0,0
603989,,0,0
603993,,0,0
603996,,0,0
603997,,0,0
603998,,0,0
603999,,0,0
900901,,0,0
900902,,0,0
900903,,0,0
900904,,0,0
900905,,0,0
900906,,0,0
900907,,0,0
900908,,0,0
900909,,0,0
900910,,0,0
900911,,0,0
900912,,0,0
900913,,0,0
900914,,0,0
900915,,0,0
900916,,0,0
900917,,0,0
900918,,0,0
900919,,0,0
900920,,0,0
900921,,0,0
900922,,0,0
900923,,0,0
900925,,0,0
900926,,0,0
900929,,0,0
900930,,0,0
900933,,0,0
900934,,0,0
900935,,0,0
900936,,0,0
900937,,0,0
900939,,0,0
900940,,0,0
900941,,0,0
900942,,0,0
900943,,0,0
900945,,0,0
900946,,0,0
900947,,0,0
900948,,0,0
900951,,0,0
900952,,0,0
900953,,0,0
900955,,0,0
900957,,0,0
000001,,0,0
000005,,0,0
000006,,0,0
000007,,0,0
000008,,0,0
000009,,0,0
000010,,0,0
000011,,0,0
000012,,0,0
000014,,0,0
000016,,0,0
000017,,0,0
000018,,0,0
000019,,0,0
000020,,0,0
000021,,0,0
000022,,0,0
000024,,0,0
000025,,0,0
000026,,0,0
000027,,0,0
000028,,0,0
000029,,0,0
000030,,0,0
000031,,0,0
000032,,0,0
000035,,0,0
000036,,0,0
000037,,0,0
000039,,0,0
000040,,0,0
000042,,0,0
000043,,0,0
000045,,0,0
000046,,0,0
000048,,0,0
000049,,0,0
000050,,0,0
000055,,0,0
000056,,0,0
000058,,0,0
000059,,0,0
000060,,0,0
000061,,0,0
000062,,0,0
000065,,0,0
000066,,0,0
000068,,0,0
000069,,0,0
000070,,0,0
000078,,0,0
000088,,0,0
000089,,0,0
000090,,0,0
000096,,0,0
000099,,0,0
000100,,0,0
000150,,0,0
000151,,0,0
000155,,0,0
000156,,0,0
000157,,0,0
000158,,0,0
000159,,0,0
000166,,0,0
000301,,0,0
000333,,0,0
000338,,0,0
000400,,0,0
000401,,0,0
000402,,0,0
000403,,0,0
000404,,0,0
000407,,0,0
000408,,0,0
000410,,0,0
000411,,0,0
000413,,0,0
000416,,0,0
000417,,0,0
000418,,0,0
000419,,0,0
000420,,0,0
000421,,0,0
000422,,0,0
000423,,0,0
000425,,0,0
000426,,0,0
000428,,0,0
000429,,0,0
000430,,0,0
000488,,0,0
000498,,0,0
000501,,0,0
000502,,0,0
000503,,0,0
000504,,0,0
000505,,0,0
000506,,0,0
000507,,0,0
000508,,0,0
000509,,0,0
000510,,0,0
000511,,0,0
000513,,0,0
000514,,0,0
000516,,0,0
000517,,0,0
000518,,0,0
000519,,0,0
000520,,0,0
000521,,0,0
000523,,0,0
000524,,0,0
000525,,0,0
000526,,0,0
000528,,0,0
000529,,0,0
000530,,0,0
000531,,0,0
000532,,0,0
000533,,0,0
000534,,0,0
000536,,0,0
000537,,0,0
000538,,0,0
000539,,0,0
000540,,0,0
000541,,0,0
000543,,0,0
000544,,0,0
000545,,0,0
000546,,0,0
000547,,0,0
000548,,0,0
000550,,0,0
000551,,0,0
000552,,0,0
000554,,0,0
000557,,0,0
000558,,0,0
000559,,0,0
000560,,0,0
000561,,0,0
000563,,0,0
000564,,0,0
000565,,0,0
000566,,0,0
000567,,0,0
000568,,0,0
000570,,0,0
000572,,0,0
000573,,0,0
000576,,0,0
000581,,0,0
000584,,0,0
000586,,0,0
000587,,0,0
000589,,0,0
000590,,0,0
000591,,0,0
000592,,0,0
000593,,0,0
000594,,0,0
000595,,0,0
000596,,0,0
000597,,0,0
000598,,0,0
000599,,0,0
000600,,0,0
000601,,0,0
000603,,0,0
000605,,0,0
000606,,0,0
000607,,0,0
000609,,0,0
000610,,0,0
000611,,0,0
000613,,0,0
000615,,0,0
000616,,0,0
000617,,0,0
000619,,0,0
000620,,0,0
000622,,0,0
000623,,0,0
000626,,0,0
000627,,0,0
000628,,0,0
000629,,0,0
000630,,0,0
000631,,0,0
000632,,0,0
000635,,0,0
000637,,0,0
000639,,0,0
000650,,0,0
000652,,0,0
000655,,0,0
000656,,0,0
000657,,0,0
000659,,0,0
000661,,0,0
000662,,0,0
000663,,0,0
000665,,0,0
000666,,0,0
000667,,0,0
000668,,0,0
000670,,0,0
000671,,0,0
000672,,0,0
000673,,0,0
000677,,0,0
000678,,0,0
000679,,0,0
000680,,0,0
000681,,0,0
000682,,0,0
000683,,0,0
000685,,0,0
000686,,0,0
000687,,0,0
000688,,0,0
000690,,0,0
000691,,0,0
000692,,0,0
000695,,0,0
000697,,0,0
000698,,0,0
000700,,0,0
000701,,0,0
000702,,0,0
000703,,0,0
000705,,0,0
000707,,0,0
000708,,0,0
000709,,0,0
000710,,0,0
000711,,0,0
000712,,0,0
000713,,0,0
000715,,0,0
000716,,0,0
000717,,0,0
000719,,0,0
000721,,0,0
000722,,0,0
000723,,0,0
000725,,0,0
000726,,0,0
000727,,0,0
000728,,0,0
000729,,0,0
000731,,0,0
000732,,0,0
000733,,0,0
000735,,0,0
000737,,0,0
000738,,0,0
000739,,0,0
000748,,0,0
000750,,0,0
000751,,0,0
000753,,0,0
000755,,0,0
000756,,0,0
000757,,0,0
000758,,0,0
000759,,0,0
000760,,0,0
000761,,0,0
000762,,0,0
000767,,0,0
000768,,0,0
000776,,0,0
000777,,0,0
000778,,0,0
000779,,0,0
000780,,0,0
000782,,0,0
000783,,0,0
000785,,0,0
000786,,0,0
000788,,0,0
000789,,0,0
000790,,0,0
000791,,0,0
000792,,0,0
000793,,0,0
000795,,0,0
000797,,0,0
000798,,0,0
000799,,0,0
000800,,0,0
000801,,0,0
000802,,0,0
000803,,0,0
000807,,0,0
000809,,0,0
000810,,0,0
000811,,0,0
000812,,0,0
000813,,0,0
000815,,0,0
000816,,0,0
000819,,0,0
000820,,0,0
000821,,0,0
000822,,0,0
000823,,0,0
000825,,0,0
000826,,0,0
000828,,0,0
000829,,0,0
000830,,0,0
000831,,0,0
000833,,0,0
000837,,0,0
000839,,0,0
000848,,0,0
000850,,0,0
000851,,0,0
000852,,0,0
000856,,0,0
000858,,0,0
000859,,0,0
000860,,0,0
000861,,0,0
000862,,0,0
000863,,0,0
000868,,0,0
000869,,0,0
000875,,0,0
000876,,0,0
000877,,0,0
000878,,0,0
000880,,0,0
000881,,0,0
000882,,0,0
000883,,0,0
000885,,0,0
000886,,0,0
000887,,0,0
000888,,0,0
000889,,0,0
000892,,0,0
000893,,0,0
000895,,0,0
000897,,0,0
000898,,0,0
000899,,0,0
000900,,0,0
000901,,0,0
000902,,0,0
000903,,0,0
000905,,0,0
000906,,0,0
000908,,0,0
000909,,0,0
000910,,0,0
000911,,0,0
000912,,0,0
000913,,0,0
000915,,0,0
000916,,0,0
000917,,0,0
000919,,0,0
000921,,0,0
000922,,0,0
000923,,0,0
000926,,0,0
000927,,0,0
000928,,0,0
000930,,0,0
000931,,0,0
000932,,0,0
000933,,0,0
000935,,0,0
000936,,0,0
000937,,0,0
000938,,0,0
000939,,0,0
000948,,0,0
000949,,0,0
000950,,0,0
000951,,0,0
000952,,0,0
000955,,0,0
000957,,0,0
000958,,0,0
000959,,0,0
000960,,0,0
000961,,0,0
000962,,0,0
000963,,0,0
000965,,0,0
000966,,0,0
000967,,0,0
000968,,0,0
000969,,0,0
000970,,0,0
000971,,0,0
000972,,0,0
000973,,0,0
000975,,0,0
000976,,0,0
000977,,0,0
000978,,0,0
000979,,0,0
000981,,0,0
000983,,0,0
000985,,0,0
000987,,0,0
000988,,0,0
000989,,0,0
000993,,0,0
000995,,0,0
000996,,0,0
000998,,0,0
000999,,0,0
001696,,0,0
001896,,0,0
001979,,0,0
002001,,0,0
002003,,0,0
002004,,0,0
002005,,0,0
002007,,0,0
002008,,0,0
002009,,0,0
002010,,0,0
002011,,0,0
002013,,0,0
002014,,0,0
002015,,0,0
002016,,0,0
002017,,0,0
002019,,0,0
002020,,0,0
002021,,0,0
002022,,0,0
002023,,0,0
002024,,0,0
002025,,0,0
002026,,0,0
002027,,0,0
002028,,0,0
002029,,0,0
002030,,0,0
002032,,0,0
002033,,0,0
002034,,0,0
002035,,0,0
002036,,0,0
002037,,0,0
002038,,0,0
002039,,0,0
002040,,0,0
002041,,0,0
002042,,0,0
002043,,0,0
002045,,0,0
002046,,0,0
002047,,0,0
002049,,0,0
002050,,0,0
002051,,0,0
002053,,0,0
002054,,0,0
002055,,0,0
002056,,0,0
002057,,0,0
002058,,0,0
002059,,0,0
002060,,0,0
002061,,0,0
002062,,0,0
002063,,0,0
002064,,0,0
002066,,0,0
002067,,0,0
002068,,0,0
002069,,0,0
002070,,0,0
002071,,0,0
002072,,0,0
002073,,0,0
002074,,0,0
002075,,0,0
002076,,0,0
002077,,0,0
002078,,0,0
002079,,0,0
002080,,0,0
002081,,0,0
002082,,0,0
002083,,0,0
002084,,0,0
002085,,0,0
002086,,0,0
002087,,0,0
002088,,0,0
002090,,0,0
002091,,0,0
002092,,0,0
002093,,0,0
002094,,0,0
002095,,0,0
002096,,0,0
002097,,0,0
002098,,0,0
002099,,0,0
002100,,0,0
002101,,0,0
002103,,0,0
002104,,0,0
002105,,0,0
002106,,0,0
002107,,0,0
002108,,0,0
002109,,0,0
002110,,0,0
002111,,0,0
002113,,0,0
002114,,0,0
002115,,0,0
002116,,0,0
002117,,0,0
002118,,0,0
002119,,0,0
002120,,0,0
002121,,0,0
002122,,0,0
002123,,0,0
002124,,0,0
002125,,0,0
002126,,0,0
002127,,0,0
002128,,0,0
002129,,0,0
002130,,0,0
002131,,0,0
002132,,0,0
002133,,0,0
002134,,0,0
002135,,0,0
002136,,0,0
002137,,0,0
002138,,0,0
002139,,0,0
002140,,0,0
002141,,0,0
002142,,0,0
002143,,0,0
002144,,0,0
002145,,0,0
002146,,0,0
002147,,0,0
002148,,0,0
002149,,0,0
002150,,0,0
002151,,0,0
002152,,0,0
002153,,0,0
002154,,0,0
002155,,0,0
002156,,0,0
002157,,0,0
002158,,0,0
002159,,0,0
002160,,0,0
002161,,0,0
002162,,0,0
002163,,0,0
002165,,0,0
002166,,0,0
002167,,0,0
002169,,0,0
002170,,0,0
002171,,0,0
002172,,0,0
002173,,0,0
002174,,0,0
002175,,0,0
002176,,0,0
002177,,0,0
002178,,0,0
002179,,0,0
002181,,0,0
002182,,0,0
002183,,0,0
002184,,0,0
002185,,0,0
002186,,0,0
002187,,0,0
002188,,0,0
002189,,0,0
002190,,0,0
002191,,0,0
002192,,0,0
002193,,0,0
002194,,0,0
002195,,0,0
002196,,0,0
002197,,0,0
002198,,0,0
002199,,0,0
002200,,0,0
002202,,0,0
002203,,0,0
002204,,0,0
002205,,0,0
002206,,0,0
002207,,0,0
002208,,0,0
002210,,0,0
002212,,0,0
002213,,0,0
002214,,0,0
002215,,0,0
002216,,0,0
002217,,0,0
002218,,0,0
002220,,0,0
002221,,0,0
002222,,0,0
002223,,0,0
002224,,0,0
002225,,0,0
002226,,0,0
002227,,0,0
002228,,0,0
002229,,0,0
002231,,0,0
002232,,0,0
002233,,0,0
002234,,0,0
002235,,0,0
002236,,0,0
002237,,0,0
002238,,0,0
002239,,0,0
002240,,0,0
002241,,0,0
002242,,0,0
002243,,0,0
002244,,0,0
002245,,0,0
002247,,0,0
002248,,0,0
002249,,0,0
002250,,0,0
002251,,0,0
002252,,0,0
002253,,0,0
002254,,0,0
002255,,0,0
002256,,0,0
002258,,0,0
002259,,0,0
002260,,0,0
002261,,0,0
002262,,0,0
002263,,0,0
002264,,0,0
002265,,0,0
002266,,0,0
002267,,0,0
002268,,0,0
002269,,0,0
002270,,0,0
002271,,0,0
002272,,0,0
002273,,0,0
002274,,0,0
002275,,0,0
002276,,0,0
002277,,0,0
002279,,0,0
002280,,0,0
002281,,0,0
002282,,0,0
002284,,0,0
002285,,0,0
002286,,0,0
002287,,0,0
002289,,0,0
002290,,0,0
002291,,0,0
002292,,0,0
002293,,0,0
002294,,0,0
002295,,0,0
002296,,0,0
002297,,0,0
002298,,0,0
002299,,0,0
002300,,0,0
002302,,0,0
002303,,0,0
002304,,0,0
002305,,0,0
002306,,0,0
002307,,0,0
002308,,0,0
002309,,0,0
002310,,0,0
002311,,0,0
002313,,0,0
002314,,0,0
002315,,0,0
002316,,0,0
002317,,0,0
002318,,0,0
002319,,0,0
002320,,0,0
002321,,0,0
002322,,0,0
002323,,0,0
002324,,0,0
002325,,0,0
002327,,0,0
002328,,0,0
002329,,0,0
002330,,0,0
002331,,0,0
002332,,0,0
002333,,0,0
002334,,0,0
002335,,0,0
002336,,0,0
002337,,0,0
002338,,0,0
002339,,0,0
002340,深,10500,9800
002341,,0,0
002342,,0,0
002343,,0,0
002344,,0,0
002345,,0,0
002347,,0,0
002348,,0,0
002350,,0,0
002351,,0,0
002352,,0,0
002355,,0,0
002356,,0,0
002357,,0,0
002358,,0,0
002359,,0,0
002360,,0,0
002361,,0,0
002362,,0,0
002363,,0,0
002364,,0,0
002365,,0,0
002366,,0,0
002367,,0,0
002368,,0,0
002369,,0,0
002370,,0,0
002371,,0,0
002372,,0,0
002373,,0,0
002374,,0,0
002375,,0,0
002376,,0,0
002377,,0,0
002378,,0,0
002380,,0,0
002381,,0,0
002382,,0,0
002383,,0,0
002384,,0,0
002385,,0,0
002386,,0,0
002387,,0,0
002388,,0,0
002390,,0,0
002391,,0,0
002392,,0,0
002393,,0,0
002394,,0,0
002395,,0,0
002396,,0,0
002397,,0,0
002398,,0,0
002399,,0,0
002400,,0,0
002401,,0,0
002402,,0,0
002403,,0,0
002404,,0,0
002406,,0,0
002407,,0,0
002408,,0,0
002409,,0,0
002410,,0,0
002411,,0,0
002412,,0,0
002413,,0,0
002414,,0,0
002415,,0,0
002416,,0,0
002417,,0,0
002418,,0,0
002419,,0,0
002420,,0,0
002421,,0,0
002422,,0,0
002423,,0,0
002424,,0,0
002425,,0,0
002426,,0,0
002428,,0,0
002429,,0,0
002430,,0,0
002431,,0,0
002432,,0,0
002433,,0,0
002435,,0,0
002436,,0,0
002437,,0,0
002438,,0,0
002440,,0,0
002441,,0,0
002442,,0,0
002443,,0,0
002444,,0,0
002445,,0,0
002446,,0,0
002448,,0,0
002449,,0,0
002450,,0,0
002451,,0,0
002452,,0,0
002454,,0,0
002455,,0,0
002456,,0,0
002457,,0,0
002458,,0,0
002459,,0,0
002460,,0,0
002461,,0,0
002462,,0,0
002463,,0,0
002464,,0,0
002465,,0,0
002466,,0,0
002467,,0,0
002468,,0,0
002469,,0,0
002470,,0,0
002471,,0,0
002472,,0,0
002473,,0,0
002474,,0,0
002475,,0,0
002476,,0,0
002477,,0,0
002478,,0,0
002479,,0,0
002480,,0,0
002481,,0,0
002482,,0,0
002483,,0,0
002484,,0,0
002485,,0,0
002486,,0,0
002487,,0,0
002488,,0,0
002489,,0,0
002490,,0,0
002493,,0,0
002495,,0,0
002496,,0,0
002497,,0,0
002498,,0,0
002499,,0,0
002500,,0,0
002501,,0,0
002502,,0,0
002503,,0,0
002504,,0,0
002506,,0,0
002507,,0,0
002508,,0,0
002509,,0,0
002510,,0,0
002511,,0,0
002512,,0,0
002513,,0,0
002514,,0,0
002516,,0,0
002517,,0,0
002518,,0,0
002519,,0,0
002520,,0,0
002521,,0,0
002522,,0,0
002523,,0,0
002526,,0,0
002527,,0,0
002528,,0,0
002529,,0,0
002530,,0,0
002531,,0,0
002532,,0,0
002533,,0,0
002534,,0,0
002535,,0,0
002536,,0,0
002537,,0,0
002538,,0,0
002539,,0,0
002540,,0,0
002541,,0,0
002543,,0,0
002545,,0,0
002546,,0,0
002547,,0,0
002548,,0,0
002549,,0,0
002550,,0,0
002551,,0,0
002552,,0,0
002553,,0,0
002554,,0,0
002556,,0,0
002557,,0,0
002558,,0,0
002559,,0,0
002560,,0,0
002561,,0,0
002562,,0,0
002563,,0,0
002564,,0,0
002565,,0,0
002566,,0,0
002567,,0,0
002568,,0,0
002569,,0,0
002570,,0,0
002571,,0,0
002572,,0,0
002574,,0,0
002575,,0,0
002576,,0,0
002577,,0,0
002578,,0,0
002579,,0,0
002580,,0,0
002581,,0,0
002582,,0,0
002583,,0,0
002584,,0,0
002585,,0,0
002586,,0,0
002587,,0,0
002588,,0,0
002589,,0,0
002590,,0,0
002591,,0,0
002592,,0,0
002593,,0,0
002594,,0,0
002595,,0,0
002597,,0,0
002598,,0,0
002600,,0,0
002601,,0,0
002602,,0,0
002603,,0,0
002604,,0,0
002606,,0,0
002607,,0,0
002608,,0,0
002609,,0,0
002610,,0,0
002613,,0,0
002614,,0,0
002615,,0,0
002616,,0,0
002617,,0,0
002618,,0,0
002620,,0,0
002621,,0,0
002622,,0,0
002623,,0,0
002625,,0,0
002626,,0,0
002627,,0,0
002628,,0,0
002629,,0,0
002630,,0,0
002632,,0,0
002634,,0,0
002635,,0,0
002636,,0,0
002637,,0,0
002638,,0,0
002640,,0,0
002641,,0,0
002642,,0,0
002643,,0,0
002644,,0,0
002645,,0,0
002646,,0,0
002648,,0,0
002649,,0,0
002650,,0,0
002651,,0,0
002653,,0,0
002654,,0,0
002655,,0,0
002656,,0,0
002657,,0,0
002658,,0,0
002659,,0,0
002660,,0,0
002661,,0,0
002662,,0,0
002663,,0,0
002664,,0,0
002665,,0,0
002666,,0,0
002667,,0,0
002668,,0,0
002669,,0,0
002670,,0,0
002671,,0,0
002672,,0,0
002673,,0,0
002674,,0,0
002676,,0,0
002677,,0,0
002678,,0,0
002679,,0,0
002680,,0,0
002681,,0,0
002682,,0,0
002683,,0,0
002685,,0,0
002686,,0,0
002687,,0,0
002688,,0,0
002689,,0,0
002690,,0,0
002692,,0,0
002693,,0,0
002694,,0,0
002695,,0,0
002698,,0,0
002699,,0,0
002700,,0,0
002701,,0,0
002702,,0,0
002705,,0,0
002706,,0,0
002707,,0,0
002708,,0,0
002709,,0,0
002711,,0,0
002712,,0,0
002713,,0,0
002715,,0,0
002716,,0,0
002718,,0,0
002719,,0,0
002721,,0,0
002722,,0,0
002723,,0,0
002724,,0,0
002725,,0,0
002726,,0,0
002727,,0,0
002728,,0,0
002729,,0,0
002731,,0,0
002732,,0,0
002733,,0,0
002734,,0,0
002736,,0,0
002737,,0,0
002738,,0,0
002740,,0,0
002741,,0,0
002743,,0,0
002745,,0,0
002746,,0,0
002747,,0,0
002748,,0,0
002749,,0,0
002750,,0,0
002751,,0,0
002752,,0,0
002753,,0,0
002755,,0,0
002756,,0,0
002757,,0,0
002758,,0,0
002760,,0,0
002761,,0,0
002763,,0,0
002765,,0,0
002767,,0,0
002768,,0,0
002769,,0,0
002770,,0,0
002772,,0,0
002773,,0,0
002775,,0,0
002776,,0,0
002778,,0,0
002779,,0,0
002780,,0,0
002781,,0,0
002782,,0,0
002783,,0,0
002785,,0,0
002786,,0,0
002787,,0,0
002788,,0,0
002789,,0,0
002790,,0,0
131800,,0,0
131801,,0,0
131802,,0,0
131803,,0,0
131805,,0,0
131806,,0,0
131809,,0,0
131810,,0,0
131811,,0,0
150008,,0,0
150009,,0,0
150012,,0,0
150013,,0,0
150016,,0,0
150017,,0,0
150018,,0,0
150019,,0,0
150020,,0,0
150021,,0,0
150022,,0,0
150023,,0,0
150028,,0,0
150029,,0,0
150030,,0,0
150031,,0,0
150032,,0,0
150033,,0,0
150034,,0,0
150036,,0,0
150037,,0,0
150039,,0,0
150042,,0,0
150047,,0,0
150048,,0,0
150049,,0,0
150050,,0,0
150051,,0,0
150052,,0,0
150053,,0,0
150054,,0,0
150055,,0,0
150056,,0,0
150057,,0,0
150058,,0,0
150059,,0,0
150060,,0,0
150064,,0,0
150065,,0,0
150066,,0,0
150067,,0,0
150073,,0,0
150075,,0,0
150076,,0,0
150077,,0,0
150083,,0,0
150084,,0,0
150085,,0,0
150086,,0,0
150088,,0,0
150089,,0,0
150090,,0,0
150091,,0,0
150092,,0,0
150093,,0,0
150094,,0,0
150095,,0,0
150096,,0,0
150097,,0,0
150100,,0,0
150101,,0,0
150104,,0,0
150105,,0,0
150106,,0,0
150107,,0,0
150108,,0,0
150109,,0,0
150112,,0,0
150113,,0,0
150117,,0,0
150118,,0,0
150120,,0,0
150121,,0,0
150122,,0,0
150123,,0,0
150124,,0,0
150129,,0,0
150130,,0,0
150131,,0,0
150133,,0,0
150134,,0,0
150135,,0,0
150136,,0,0
150138,,0,0
150139,,0,0
150140,,0,0
150141,,0,0
150142,,0,0
150143,,0,0
150144,,0,0
150145,,0,0
150146,,0,0
150147,,0,0
150148,,0,0
150149,,0,0
150150,,0,0
150151,,0,0
150152,,0,0
150153,,0,0
150154,,0,0
150156,,0,0
150157,,0,0
150158,,0,0
150160,,0,0
150161,,0,0
150164,,0,0
150165,,0,0
150167,,0,0
150168,,0,0
150169,,0,0
150170,,0,0
150171,,0,0
150172,,0,0
150173,,0,0
150174,,0,0
150175,,0,0
150176,,0,0
150177,,0,0
150178,,0,0
150179,,0,0
150180,,0,0
150181,,0,0
150182,,0,0
150184,,0,0
150185,,0,0
150186,,0,0
150187,,0,0
150188,,0,0
150189,,0,0
150190,,0,0
150191,,0,0
150192,,0,0
150193,,0,0
150194,,0,0
150195,,0,0
150196,,0,0
150197,,0,0
150198,,0,0
150199,,0,0
150200,,0,0
150201,,0,0
150203,,0,0
150204,,0,0
150205,,0,0
150206,,0,0
150207,,0,0
150208,,0,0
150209,,0,0
150210,,0,0
150211,,0,0
150212,,0,0
150213,,0,0
150214,,0,0
150215,,0,0
150216,,0,0
150217,,0,0
150218,,0,0
150219,,0,0
150220,,0,0
150221,,0,0
150222,,0,0
150223,,0,0
150224,,0,0
150225,,0,0
150226,,0,0
150227,,0,0
150228,,0,0
150229,,0,0
150230,,0,0
150231,,0,0
150232,,0,0
150233,,0,0
150234,,0,0
150235,,0,0
150236,,0,0
150237,,0,0
150238,,0,0
150241,,0,0
150242,,0,0
150243,,0,0
150244,,0,0
150245,,0,0
150246,,0,0
150247,,0,0
150248,,0,0
150249,,0,0
150250,,0,0
150251,,0,0
150252,,0,0
150255,,0,0
150256,,0,0
150257,,0,0
150258,,0,0
150259,,0,0
150260,,0,0
150261,,0,0
150262,,0,0
150263,,0,0
150264,,0,0
150265,,0,0
150266,,0,0
150267,,0,0
150268,,0,0
150269,,0,0
150270,,0,0
150271,,0,0
150272,,0,0
150273,,0,0
150274,,0,0
150275,,0,0
150276,,0,0
150277,,0,0
150278,,0,0
150279,,0,0
150280,,0,0
150281,,0,0
150282,,0,0
150283,,0,0
150284,,0,0
150287,,0,0
150288,,0,0
150289,,0,0
150290,,0,0
150291,,0,0
150292,,0,0
150293,,0,0
150294,,0,0
150295,,0,0
150296,,0,0
150297,,0,0
150298,,0,0
150299,,0,0
150300,,0,0
150301,,0,0
150302,,0,0
150303,,0,0
150304,,0,0
150305,,0,0
150306,,0,0
150307,,0,0
150308,,0,0
150309,,0,0
150310,,0,0
150311,,0,0
150312,,0,0
150315,,0,0
150316,,0,0
150317,,0,0
150318,,0,0
150321,,0,0
150322,,0,0
150323,,0,0
150324,,0,0
150325,,0,0
150326,,0,0
150327,,0,0
150328,,0,0
150329,,0,0
150330,,0,0
150331,,0,0
150332,,0,0
150335,,0,0
150336,,0,0
150343,,0,0
150344,,0,0
159001,,0,0
159003,,0,0
159005,,0,0
159901,,0,0
159902,,0,0
159903,,0,0
159905,,0,0
159906,,0,0
159907,,0,0
159908,,0,0
159909,,0,0
159910,,0,0
159911,,0,0
159912,,0,0
159913,,0,0
159915,,0,0
159916,,0,0
159918,,0,0
159919,,0,0
159920,,0,0
159921,,0,0
159922,,0,0
159923,,0,0
159924,,0,0
159925,,0,0
159926,,0,0
159927,,0,0
159928,,0,0
159929,,0,0
159930,,0,0
159931,,0,0
159932,,0,0
159933,,0,0
159934,,0,0
159935,,0,0
159936,,0,0
159937,,0,0
159938,,0,0
159939,,0,0
159940,,0,0
159941,,0,0
159942,,0,0
159943,,0,0
159944,,0,0
159945,,0,0
159946,,0,0
160105,,0,0
160106,,0,0
160119,,0,0
160128,,0,0
160130,,0,0
160131,,0,0
160133,,0,0
160211,,0,0
160212,,0,0
160215,,0,0
160216,,0,0
160220,,0,0
160311,,0,0
160314,,0,0
160505,,0,0
160513,,0,0
160515,,0,0
160607,,0,0
160610,,0,0
160611,,0,0
160613,,0,0
160615,,0,0
160616,,0,0
160618,,0,0
160621,,0,0
160706,,0,0
160716,,0,0
160717,,0,0
160720,,0,0
160805,,0,0
160806,,0,0
160807,,0,0
160810,,0,0
160812,,0,0
160813,,0,0
160910,,0,0
160915,,0,0
160916,,0,0
160918,,0,0
160919,,0,0
161005,,0,0
161010,,0,0
161015,,0,0
161019,,0,0
161033,,0,0
161117,,0,0
161119,,0,0
161210,,0,0
161213,,0,0
161216,,0,0
161222,,0,0
161224,,0,0
161225,,0,0
161226,,0,0
161227,,0,0
161229,,0,0
161230,,0,0
161505,,0,0
161607,,0,0
161610,,0,0
161706,,0,0
161713,,0,0
161714,,0,0
161716,,0,0
161810,,0,0
161813,,0,0
161820,,0,0
161821,,0,0
161823,,0,0
161831,,0,0
161903,,0,0
161911,,0,0
162006,,0,0
162105,,0,0
162108,,0,0
162307,,0,0
162411,,0,0
162605,,0,0
162607,,0,0
162703,,0,0
162711,,0,0
163001,,0,0
163208,,0,0
163210,,0,0
163302,,0,0
163402,,0,0
163407,,0,0
163412,,0,0
163415,,0,0
163503,,0,0
163801,,0,0
163819,,0,0
163821,,0,0
163824,,0,0
163827,,0,0
164206,,0,0
164208,,0,0
164705,,0,0
164808,,0,0
164810,,0,0
164814,,0,0
164815,,0,0
164906,,0,0
165309,,0,0
165313,,0,0
165508,,0,0
165509,,0,0
165517,,0,0
165705,,0,0
166001,,0,0
166006,,0,0
166007,,0,0
166008,,0,0
166011,,0,0
166012,,0,0
166016,,0,0
166902,,0,0
166904,,0,0
167501,,0,0
167901,,0,0
168101,,0,0
169101,,0,0
169102,,0,0
184721,,0,0
184722,,0,0
184728,,0,0
184801,,0,0
200011,,0,0
200012,,0,0
200017,,0,0
200018,,0,0
200019,,0,0
200020,,0,0
200022,,0,0
200025,,0,0
200026,,0,0
200028,,0,0
200029,,0,0
200030,,0,0
200045,,0,0
200054,,0,0
200055,,0,0
200056,,0,0
200058,,0,0
200152,,0,0
200413,,0,0
200418,,0,0
200429,,0,0
200468,,0,0
200488,,0,0
200505,,0,0
200512,,0,0
200521,,0,0
200530,,0,0
200539,,0,0
200541,,0,0
200550,,0,0
200570,,0,0
200581,,0,0
200596,,0,0
200613,,0,0
200625,,0,0
200706,,0,0
200725,,0,0
200726,,0,0
200761,,0,0
200770,,0,0
200771,,0,0
200869,,0,0
200992,,0,0
300001,,0,0
300002,,0,0
300003,,0,0
300004,,0,0
300005,,0,0
300006,,0,0
300007,,0,0
300008,,0,0
300009,,0,0
300010,,0,0
300011,,0,0
300012,,0,0
300013,,0,0
300014,,0,0
300015,,0,0
300016,,0,0
300017,,0,0
300018,,0,0
300020,,0,0
300021,,0,0
300022,,0,0
300023,,0,0
300024,,0,0
300026,,0,0
300027,,0,0
300028,,0,0
300029,,0,0
300030,,0,0
300031,,0,0
300032,,0,0
300033,,0,0
300034,,0,0
300035,,0,0
300036,,0,0
300037,,0,0
300039,,0,0
300040,,0,0
300041,,0,0
300042,,0,0
300044,,0,0
300047,,0,0
300048,,0,0
300049,,0,0
300050,,0,0
300051,,0,0
300052,,0,0
300053,,0,0
300054,,0,0
300055,,0,0
300056,,0,0
300058,,0,0
300059,,0,0
300061,,0,0
300062,,0,0
300064,,0,0
300065,,0,0
300066,,0,0
300067,,0,0
300068,,0,0
300069,,0,0
300070,,0,0
300072,,0,0
300073,,0,0
300074,,0,0
300075,,0,0
300076,,0,0
300077,,0,0
300078,,0,0
300079,,0,0
300080,,0,0
300081,,0,0
300082,,0,0
300083,,0,0
300084,,0,0
300085,,0,0
300086,,0,0
300087,,0,0
300088,,0,0
300089,,0,0
300090,,0,0
300091,,0,0
300092,,0,0
300093,,0,0
300094,,0,0
300095,,0,0
300097,,0,0
300098,,0,0
300099,,0,0
300100,,0,0
300101,,0,0
300102,,0,0
300103,,0,0
300105,,0,0
300106,,0,0
300107,,0,0
300108,,0,0
300109,,0,0
300111,,0,0
300112,,0,0
300113,,0,0
300114,,0,0
300115,,0,0
300116,,0,0
300117,,0,0
300118,,0,0
300119,,0,0
300120,,0,0
300121,,0,0
300122,,0,0
300123,,0,0
300124,,0,0
300125,,0,0
300126,,0,0
300127,,0,0
300128,,0,0
300129,,0,0
300130,,0,0
300131,,0,0
300132,,0,0
300133,,0,0
300134,,0,0
300135,,0,0
300136,,0,0
300137,,0,0
300138,,0,0
300139,,0,0
300140,,0,0
300141,,0,0
300142,,0,0
300143,,0,0
300144,,0,0
300145,,0,0
300146,,0,0
300147,,0,0
300148,,0,0
300149,,0,0
300150,,0,0
300151,,0,0
300154,,0,0
300155,,0,0
300156,,0,0
300157,,0,0
300158,,0,0
300159,,0,0
300160,,0,0
300161,,0,0
300162,,0,0
300164,,0,0
300165,,0,0
300166,,0,0
300167,,0,0
300168,,0,0
300169,,0,0
300170,,0,0
300171,,0,0
300172,,0,0
300173,,0,0
300174,,0,0
300175,,0,0
300176,,0,0
300177,,0,0
300178,,0,0
300179,,0,0
300180,,0,0
300181,,0,0
300182,,0,0
300183,,0,0
300185,,0,0
300187,,0,0
300188,,0,0
300190,,0,0
300191,,0,0
300192,,0,0
300193,,0,0
300194,,0,0
300195,,0,0
300196,,0,0
300197,,0,0
300198,,0,0
300199,,0,0
300200,,0,0
300202,,0,0
300203,,0,0
300204,,0,0
300205,,0,0
300206,,0,0
300207,,0,0
300208,,0,0
300209,,0,0
300210,,0,0
300211,,0,0
300212,,0,0
300213,,0,0
300214,,0,0
300215,,0,0
300216,,0,0
300217,,0,0
300218,,0,0
300219,,0,0
300221,,0,0
300223,,0,0
300226,,0,0
300227,,0,0
300228,,0,0
300229,,0,0
300230,,0,0
300231,,0,0
300232,,0,0
300233,,0,0
300234,,0,0
300235,,0,0
300236,,0,0
300237,,0,0
300239,,0,0
300240,,0,0
300241,,0,0
300242,,0,0
300243,,0,0
300244,,0,0
300245,,0,0
300246,,0,0
300247,,0,0
300248,,0,0
300249,,0,0
300250,,0,0
300251,,0,0
300252,,0,0
300253,,0,0
300254,,0,0
300255,,0,0
300256,,0,0
300258,,0,0
300259,,0,0
300260,,0,0
300261,,0,0
300262,,0,0
300263,,0,0
300264,,0,0
300266,,0,0
300267,,0,0
300268,,0,0
300269,,0,0
300270,,0,0
300271,,0,0
300272,,0,0
300273,,0,0
300274,,0,0
300275,,0,0
300276,,0,0
300277,,0,0
300278,,0,0
300279,,0,0
300280,,0,0
300281,,0,0
300282,,0,0
300284,,0,0
300286,,0,0
300288,,0,0
300289,,0,0
300291,,0,0
300293,,0,0
300294,,0,0
300295,,0,0
300296,,0,0
300297,,0,0
300300,,0,0
300301,,0,0
300302,,0,0
300303,,0,0
300305,,0,0
300306,,0,0
300307,,0,0
300308,,0,0
300309,,0,0
300310,,0,0
300311,,0,0
300312,,0,0
300314,,0,0
300315,,0,0
300316,,0,0
300317,,0,0
300318,,0,0
300319,,0,0
300320,,0,0
300321,,0,0
300322,,0,0
300323,,0,0
300324,,0,0
300325,,0,0
300326,,0,0
300327,,0,0
300328,,0,0
300329,,0,0
300332,,0,0
300333,,0,0
300334,,0,0
300337,,0,0
300338,,0,0
300339,,0,0
300340,,0,0
300341,,0,0
300342,,0,0
300344,,0,0
300345,,0,0
300346,,0,0
300347,,0,0
300348,,0,0
300350,,0,0
300352,,0,0
300353,,0,0
300354,,0,0
300355,,0,0
300356,,0,0
300357,,0,0
300358,,0,0
300359,,0,0
300360,,0,0
300363,,0,0
300364,,0,0
300365,,0,0
300367,,0,0
300368,,0,0
300369,,0,0
300370,,0,0
300371,,0,0
300372,,0,0
300373,,0,0
300374,,0,0
300375,,0,0
300376,,0,0
300377,,0,0
300378,,0,0
300379,,0,0
300380,,0,0
300381,,0,0
300382,,0,0
300383,,0,0
300385,,0,0
300386,,0,0
300387,,0,0
300389,,0,0
300390,,0,0
300393,,0,0
300394,,0,0
300395,,0,0
300396,,0,0
300397,,0,0
300398,,0,0
300399,,0,0
300400,,0,0
300401,,0,0
300402,,0,0
300403,,0,0
300404,,0,0
300406,,0,0
300407,,0,0
300408,,0,0
300409,,0,0
300411,,0,0
300412,,0,0
300413,,0,0
300414,,0,0
300415,,0,0
300416,,0,0
300417,,0,0
300418,,0,0
300419,,0,0
300420,,0,0
300421,,0,0
300422,,0,0
300424,,0,0
300426,,0,0
300427,,0,0
300429,,0,0
300434,,0,0
300435,,0,0
300438,,0,0
300439,,0,0
300440,,0,0
300441,,0,0
300442,,0,0
300443,,0,0
300444,,0,0
300445,,0,0
300446,,0,0
300447,,0,0
300448,,0,0
300449,,0,0
300451,,0,0
300452,,0,0
300453,,0,0
300455,,0,0
300456,,0,0
300457,,0,0
300458,,0,0
300459,,0,0
300460,,0,0
300461,,0,0
300463,,0,0
300464,,0,0
300466,,0,0
300467,,0,0
300468,,0,0
300469,,0,0
300470,,0,0
300471,,0,0
300473,,0,0
300475,,0,0
300476,,0,0
300477,,0,0
300478,,0,0
300479,,0,0
300480,,0,0
300481,,0,0
300482,,0,0
300483,,0,0
300485,,0,0
300486,,0,0
300487,,0,0
300489,,0,0
300490,,0,0
300491,,0,0
300492,,0,0
300493,,0,0
300494,,0,0
300496,,0,0
300497,,0,0
300498,,0,0
300499,,0,0
300500,,0,0
300501,,0,0
300502,,0,0
300503,,0,0
300505,,0,0
000001_2,,0,0
399001,,0,0
603028,,0,0
002791,,0,0
002792,,0,0
163907,,0,0
300484,,0,0
300506,,0,0