农林牧渔
600359
002458
002234
002772
002143
600438
600965
002299
600108
600962
600226
002069
300138
002696
002505
000893
603556
002567
002746
002477
600195
000048
002447
000034
002157
002688
300143
600598
002321
002124
601118
600201
002286
300106
600540
600191
600467
600189
600127
600695
600097
002714
600371
300175
600313
002041
600975
002220
603609
300087
000663
600354
002548
002100
000702
600506
300119
600257
000972
600737
000998
002311
000713
000639
300094
002679
000930
300021
300189
000876
600298
002604
000735
603718
300268
000592
002086
002385
000798
000911
002173
300149
300498
600265








商业贸易
000829
600822
002102
000560
600628
600838
000759
600827
600856
600655
600122
600278
002416
600859
002561
002091
600821
002336
002697
000419
000715
600898
601933
000501
000987
000516
000151
600694
600739
600128
600790
600605
600826
600250
600704
600785
600814
600861600241
000861
600327
300022
002264
000417
600697
600981600729
601116
600774
002024
000889
600778
002344600287600723
600857
000061
600415
600865
000408
600515
601010600082002277600712600058603123002187
002251600858000785600891600280000416600755
600247000882000062002419600735000564600361
600682600738600693300413600828000058600306000626






餐饮旅游
600754000802000007000613002186600749600258
000430600138600640600706600593000721600054
000610601007603099002033002059000888300144
000978000428300178000524603869002558601888
00215900358603199002707002306



综合
600770600818600212600419600200000611600730
000068600608000628600846600708600614600624600815000593600207600133600634600421600260
600051002113600275600892000009000652600811000421
600603300012000529600277000881000632600733600083600884
000892600883600701600234600053600136000839000711600556




非银金融
000750600643600635600830000728601336601628600291
601555601601000415000686600369601099600837002736600999
601211601688600109000783000776601788600705600816000166
601901600747601318601377600958002500600030000666000712
601198600783000563603300002673



轻功制造
002071002120600836002301002191002012002067002735603898603268002631600069002345600135002615002240002511300057
000488002521000812002235600210600103002605000659000576




















